>> meshgrid(3)

ans =

     3

>> meshgrid(1:3)

ans =

     1     2     3
     1     2     3
     1     2     3

>> [x,y] = meshgrid(1:3,1:3)

x =

     1     2     3
     1     2     3
     1     2     3


y =

     1     1     1
     2     2     2
     3     3     3

>> 